1722202891930 0.23649059280555332 0
1722202898867 0.018470669325968598 1
1722202903829 0.004880928594116286 2
1722202908750 0.002534663678142778 3
1722202913842 0.0015269915374465683 4
1722202918787 0.0007653012740388678 5
1722202924207 0.0006687232587832661 6
1722202930399 0.0005950050664688584 7
1722202936744 0.0005218214113306485 8
1722202941583 0.0004755523411476721 9
1722202946217 0.00040255727921715585 10
1722202951506 0.0003597490400368496 11
1722202957654 0.0003574930496005943 12
1722202962325 0.0003084083196817304 13
1722202967117 0.0003196441854192645 14
1722202971855 0.00027989936231190456 15
1722202976665 0.0002644374786718518 16
1722202982752 0.00026452141753150626 17
1722202987646 0.00025782828453353366 18
1722202992384 0.00024759981485569967 19
1722202997307 0.0002537422411172626 20
1722203002245 0.00024267947054014795 21
1722203007596 0.00023502381946026159 22
1722203013856 0.00023666816096252192 23
1722203018754 0.00023320333668251268 24
1722203023498 0.00023092751881103568 25
1722203028325 0.00022102151120409155 26
1722203033168 0.00023690450183719611 27
1722203039505 0.000245739045293808 28
1722203044343 0.0002169983044387237 29
1722203049212 0.0002135219686279337 30
1722203054015 0.0002152467262029722 31
1722203058971 0.00021557380638210992 32
1722203064467 0.00021479314210385794 33
1722203070110 0.00021541368541311867 34
1722203075015 0.0002035426866547493 35
1722203081197 0.0002050147641942614 36
1722203086671 0.00022504548613029425 37
1722203094143 0.00021398778992191996 38
1722203099491 0.00020415287370076485 39
1722203104268 0.00019853554042241643 40
1722203109197 0.00019831755298985152 41
1722203113989 0.0001999900351918253 42
1722203119604 0.00020241162088592495 43
1722203125953 0.0002012846906941417 44
1722203130697 0.0001955586475906358 45
1722203135423 0.00019303423684014138 46
1722203141651 0.00020147901239848194 47
1722203147256 0.0001896168719575353 48
1722203153129 0.00019044950009484372 49
