1722202892127 0.06095234943287713 0
1722202899078 0.01114665452272646 1
1722202904029 0.0009602545076862923 2
1722202908966 0.0007263469146675474 3
1722202914049 0.0005362125675818543 4
1722202918977 0.00047879281249599504 5
1722202924433 0.00039506848002525256 6
1722202930587 0.00039821113704607657 7
1722202936957 0.0005510621898186704 8
1722202941774 0.0004303963473325388 9
1722202946418 0.00048159627291920876 10
1722202951703 0.00023392757637858658 11
1722202957855 0.0003033514593779627 12
1722202962529 0.0004543495869877497 13
1722202967316 0.00021832277349266593 14
1722202972052 0.00020622262569044584 15
1722202976883 0.00022395797171315829 16
1722202983030 0.000372342474061981 17
1722202988082 0.00020153371149226874 18
1722202992732 0.0003185001629707773 19
1722202997554 0.00020528320543697134 20
1722203002452 0.00019894416480036896 21
1722203007791 0.0002479945477615628 22
1722203014054 0.00025400559123169394 23
1722203018949 0.00018469819475458714 24
1722203023688 0.00027224505729030906 25
1722203028513 0.00020032149006424116 26
1722203033646 0.00028615827590877576 27
1722203039695 0.0001987570267085666 28
1722203044599 0.00024504809663908203 29
1722203049418 0.00023036933190370392 30
1722203054212 0.00018544678610014093 31
1722203059162 0.00045763902940846506 32
1722203064696 0.0001985544445305427 33
1722203070303 0.00017687547502675212 34
1722203075251 0.00018731008724047108 35
1722203081431 0.00039656933776790364 36
1722203086907 0.0004127671995702835 37
1722203094479 0.00023168406302815245 38
1722203099664 0.0001907832995043247 39
1722203104495 0.0002123978553018311 40
1722203109402 0.0001810898544453454 41
1722203114184 0.0001780792211190731 42
1722203120446 0.00020453901448664035 43
1722203126142 0.00017748282369298285 44
1722203130894 0.0001793562705210033 45
1722203135609 0.0003114009159617126 46
1722203141843 0.00018623895552341959 47
1722203147481 0.00017708630253937806 48
1722203153342 0.00017947356282670552 49
